<?xml version="1.0" encoding="utf-8"?>
<COLLADA xmlns="http://www.collada.org/2005/11/COLLADASchema" version="1.4.1">
  <asset>
    <contributor>
      <author>Mixamo</author>
      <authoring_tool>COLLADA Mixamo exporter</authoring_tool>
      <comments/>
    </contributor>
    <created>2025-09-24T17:48:55Z</created>
    <modified>2025-09-24T17:48:55Z</modified>
    <revision/>
    <title/>
    <unit meter="0.010000"/>
    <up_axis>Y_UP</up_axis>
  </asset>
  <library_animations>
    <animation id="mixamorig_Hips-anim" name="mixamorig_Hips">
      <source id="mixamorig_Hips-Matrix-animation-input">
        <float_array id="mixamorig_Hips-Matrix-animation-input-array" count="19">

0.000000 0.033333 0.066667 0.100000 0.133333 0.166667 0.200000 0.233333 0.266667 0.300000 0.333333 0.366667 0.400000 0.433333 0.466667 0.500000
0.533333 0.566667 0.600000</float_array>
        <technique_common>
          <accessor source="#mixamorig_Hips-Matrix-animation-input-array" count="19">
            <param name="TIME" type="float"/>
          </accessor>
        </technique_common>
      </source>
      <source id="mixamorig_Hips-Matrix-animation-output-transform">
        <float_array id="mixamorig_Hips-Matrix-animation-output-transform-array" count="304">

0.962764 0.036269 -0.267898 -0.103227 -0.127663 0.934502 -0.332278 71.929939 0.238299 0.354106 0.904335 0.663755 0.000000 0.000000 0.000000 1.000000
0.969530 0.020895 -0.244080 -0.142932 -0.106555 0.933135 -0.343372 71.626556 0.220585 0.358917 0.906929 -0.435469 0.000000 0.000000 0.000000 1.000000
0.982412 -0.006386 -0.186619 -0.025194 -0.062290 0.930960 -0.359769 72.168236 0.176033 0.365065 0.914188 -0.558075 0.000000 0.000000 0.000000 1.000000
0.991922 -0.028431 -0.123618 0.127712 -0.019713 0.928163 -0.371651 73.325119 0.125304 0.371085 0.920106 -0.137448 0.000000 0.000000 0.000000 1.000000
0.995794 -0.040117 -0.082368 0.293307 0.006330 0.927018 -0.374964 74.081192 0.091399 0.372866 0.923373 -0.009876 0.000000 0.000000 0.000000 1.000000
0.996701 -0.042295 -0.069263 0.438664 0.013713 0.928958 -0.369932 74.036568 0.079988 0.367762 0.926474 -0.419582 0.000000 0.000000 0.000000 1.000000
0.997189 -0.045299 -0.059691 0.566974 0.020894 0.933082 -0.359056 73.379219 0.071962 0.356799 0.931405 -1.375210 0.000000 0.000000 0.000000 1.000000
0.997854 -0.055493 -0.034758 0.651770 0.040073 0.937351 -0.346073 72.269081 0.051785 0.343938 0.937563 -2.567238 0.000000 0.000000 0.000000 1.000000
0.998193 -0.060075 -0.001627 0.638502 0.056102 0.941214 -0.333119 71.157646 0.021544 0.332425 0.942883 -3.245351 0.000000 0.000000 0.000000 1.000000
0.999163 -0.038941 0.012502 0.615083 0.040891 0.945372 -0.323420 70.639275 0.000776 0.323661 0.946173 -3.000118 0.000000 0.000000 0.000000 1.000000
0.999856 0.012256 -0.011756 0.690743 -0.015377 0.947182 -0.320328 70.977364 0.007209 0.320463 0.947234 -2.108853 0.000000 0.000000 0.000000 1.000000
0.995518 0.067941 -0.065787 0.847100 -0.085682 0.942404 -0.323315 72.200363 0.040032 0.327503 0.944002 -0.849543 0.000000 0.000000 0.000000 1.000000
0.987018 0.105095 -0.121454 1.025323 -0.140187 0.932758 -0.332131 73.601074 0.078382 0.344845 0.935381 0.050017 0.000000 0.000000 0.000000 1.000000
0.983050 0.100961 -0.153035 1.162592 -0.148991 0.926356 -0.345928 75.001694 0.106839 0.362865 0.925697 0.819346 0.000000 0.000000 0.000000 1.000000
0.984399 0.072134 -0.160483 1.173200 -0.125911 0.925902 -0.356163 75.636322 0.122900 0.370813 0.920540 1.399750 0.000000 0.000000 0.000000 1.000000
0.984271 0.042808 -0.171399 0.945225 -0.102132 0.929520 -0.354348 75.269333 0.144150 0.366280 0.919271 1.690974 0.000000 0.000000 0.000000 1.000000
0.978328 0.030670 -0.204776 0.528011 -0.101257 0.933513 -0.343947 74.131905 0.180612 0.357228 0.916388 1.616064 0.000000 0.000000 0.000000 1.000000
0.968198 0.034159 -0.247844 0.107753 -0.118427 0.935198 -0.333736 72.850258 0.220383 0.352474 0.909502 1.172486 0.000000 0.000000 0.000000 1.000000
0.962766 0.036267 -0.267891 -0.130527 -0.127659 0.934502 -0.332279 71.930099 0.238294 0.354105 0.904337 0.663792 0.000000 0.000000 0.000000 1.000000</float_array>
        <technique_common>
          <accessor source="#mixamorig_Hips-Matrix-animation-output-transform-array" count="19" stride="16">
            <param type="float4x4"/>
          </accessor>
        </technique_common>
      </source>
      <source id="mixamorig_Hips-Interpolations">
        <Name_array id="mixamorig_Hips-Interpolations-array" count="19">
 LINEAR LINEAR LINEAR LINEAR LINEAR LINEAR LINEAR LINEAR LINEAR LINEAR LINEAR
LINEAR LINEAR LINEAR LINEAR LINEAR LINEAR LINEAR LINEAR</Name_array>
        <technique_common>
          <accessor source="#mixamorig_Hips-Interpolations-array" count="19">
            <param type="name"/>
          </accessor>
        </technique_common>
      </source>
      <sampler id="mixamorig_Hips-Matrix-animation-transform">
        <input semantic="INPUT" source="#mixamorig_Hips-Matrix-animation-input"/>
        <input semantic="OUTPUT" source="#mixamorig_Hips-Matrix-animation-output-transform"/>
        <input semantic="INTERPOLATION" source="#mixamorig_Hips-Interpolations"/>
      </sampler>
      <channel source="#mixamorig_Hips-Matrix-animation-transform" target="mixamorig_Hips/matrix"/>
    </animation>
    <animation id="mixamorig_Spine-anim" name="mixamorig_Spine">
      <source id="mixamorig_Spine-Matrix-animation-input">
        <float_array id="mixamorig_Spine-Matrix-animation-input-array" count="19">

0.000000 0.033333 0.066667 0.100000 0.133333 0.166667 0.200000 0.233333 0.266667 0.300000 0.333333 0.366667 0.400000 0.433333 0.466667 0.500000
0.533333 0.566667 0.600000</float_array>
        <technique_common>
          <accessor source="#mixamorig_Spine-Matrix-animation-input-array" count="19">
            <param name="TIME" type="float"/>
          </accessor>
        </technique_common>
      </source>
      <source id="mixamorig_Spine-Matrix-animation-output-transform">
        <float_array id="mixamorig_Spine-Matrix-animation-output-transform-array" count="304">

0.998758 -0.019270 0.045944 -0.000500 0.014071 0.993729 0.110928 6.979600 -0.047793 -0.110143 0.992766 1.327000 0.000000 0.000000 0.000000 1.000000
0.994195 -0.012769 0.106831 -0.000500 0.000664 0.993642 0.112583 6.979600 -0.107589 -0.111859 0.987883 1.327000 0.000000 0.000000 0.000000 1.000000
0.986801 0.004938 0.161860 -0.000500 -0.025064 0.992148 0.122534 6.979600 -0.159984 -0.124973 0.979177 1.327000 0.000000 0.000000 0.000000 1.000000
0.979094 0.025327 0.201827 -0.000500 -0.052743 0.989893 0.131644 6.979600 -0.196452 -0.139537 0.970534 1.327000 0.000000 0.000000 0.000000 1.000000
0.975938 0.044603 0.213435 -0.000500 -0.074321 0.988284 0.133310 6.979600 -0.204989 -0.145965 0.967819 1.327000 0.000000 0.000000 0.000000 1.000000
0.980297 0.055262 0.189639 -0.000500 -0.080532 0.988467 0.128246 6.979600 -0.180365 -0.140992 0.973442 1.327000 0.000000 0.000000 0.000000 1.000000
0.989391 0.062664 0.131071 -0.000500 -0.078537 0.989703 0.119670 6.979600 -0.122222 -0.128694 0.984124 1.327000 0.000000 0.000000 0.000000 1.000000
0.995493 0.076658 0.055827 -0.000500 -0.082600 0.990116 0.113346 6.979600 -0.046587 -0.117446 0.991986 1.327000 0.000000 0.000000 0.000000 1.000000
0.995651 0.091184 -0.019116 -0.000500 -0.088393 0.989373 0.115444 6.979600 0.029440 -0.113252 0.993130 1.327000 0.000000 0.000000 0.000000 1.000000
0.992100 0.086544 -0.090816 -0.000500 -0.074859 0.989327 0.125012 6.979600 0.100666 -0.117226 0.987990 1.327000 0.000000 0.000000 0.000000 1.000000
0.985201 0.049748 -0.164024 -0.000500 -0.027464 0.990407 0.135427 6.979600 0.169188 -0.128919 0.977116 1.327000 0.000000 0.000000 0.000000 1.000000
0.972517 -0.003922 -0.232799 -0.000500 0.038128 0.989043 0.142617 6.979600 0.229689 -0.147573 0.962011 1.327000 0.000000 0.000000 0.000000 1.000000
0.959194 -0.053323 -0.277675 -0.000500 0.097399 0.984263 0.147442 6.979600 0.265443 -0.168471 0.949293 1.327000 0.000000 0.000000 0.000000 1.000000
0.957078 -0.066595 -0.282077 -0.000500 0.114682 0.980829 0.157551 6.979600 0.266177 -0.183138 0.946367 1.327000 0.000000 0.000000 0.000000 1.000000
0.967932 -0.049237 -0.246340 -0.000500 0.092530 0.981539 0.167389 6.979600 0.233550 -0.184815 0.954619 1.327000 0.000000 0.000000 0.000000 1.000000
0.983525 -0.023232 -0.179271 -0.000500 0.053253 0.984935 0.164518 6.979600 0.172749 -0.171355 0.969946 1.327000 0.000000 0.000000 0.000000 1.000000
0.995000 -0.010463 -0.099326 -0.000500 0.024967 0.988980 0.145926 6.979600 0.096705 -0.147676 0.984297 1.327000 0.000000 0.000000 0.000000 1.000000
0.999660 -0.013667 -0.022196 -0.000500 0.016308 0.992210 0.123508 6.979600 0.020336 -0.123828 0.992095 1.327000 0.000000 0.000000 0.000000 1.000000
0.998758 -0.019273 0.045941 -0.000500 0.014074 0.993729 0.110927 6.979600 -0.047790 -0.110143 0.992766 1.327000 0.000000 0.000000 0.000000 1.000000</float_array>
        <technique_common>
          <accessor source="#mixamorig_Spine-Matrix-animation-output-transform-array" count="19" stride="16">
            <param type="float4x4"/>
          </accessor>
        </technique_common>
      </source>
      <source id="mixamorig_Spine-Interpolations">
        <Name_array id="mixamorig_Spine-Interpolations-array" count="19">
 LINEAR LINEAR LINEAR LINEAR LINEAR LINEAR LINEAR LINEAR LINEAR LINEAR LINEAR
LINEAR LINEAR LINEAR LINEAR LINEAR LINEAR LINEAR LINEAR</Name_array>
        <technique_common>
          <accessor source="#mixamorig_Spine-Interpolations-array" count="19">
            <param type="name"/>
          </accessor>
        </technique_common>
      </source>
      <sampler id="mixamorig_Spine-Matrix-animation-transform">
        <input semantic="INPUT" source="#mixamorig_Spine-Matrix-animation-input"/>
        <input semantic="OUTPUT" source="#mixamorig_Spine-Matrix-animation-output-transform"/>
        <input semantic="INTERPOLATION" source="#mixamorig_Spine-Interpolations"/>
      </sampler>
      <channel source="#mixamorig_Spine-Matrix-animation-transform" target="mixamorig_Spine/matrix"/>
    </animation>
    <animation id="mixamorig_Spine1-anim" name="mixamorig_Spine1">
      <source id="mixamorig_Spine1-Matrix-animation-input">
        <float_array id="mixamorig_Spine1-Matrix-animation-input-array" count="19">

0.000000 0.033333 0.066667 0.100000 0.133333 0.166667 0.200000 0.233333 0.266667 0.300000 0.333333 0.366667 0.400000 0.433333 0.466667 0.500000
0.533333 0.566667 0.600000</float_array>
        <technique_common>
          <accessor source="#mixamorig_Spine1-Matrix-animation-input-array" count="19">
            <param name="TIME" type="float"/>
          </accessor>
        </technique_common>
      </source>
      <source id="mixamorig_Spine1-Matrix-animation-output-transform">
        <float_array id="mixamorig_Spine1-Matrix-animation-output-transform-array" count="304">

0.999818 -0.010791 0.015758 0.000000 0.012196 0.995684 -0.092006 9.157100 -0.014697 0.092182 0.995634 0.000000 0.000000 0.000000 0.000000 1.000000
0.999407 -0.010614 0.032767 0.000000 0.013599 0.995640 -0.092283 9.157100 -0.031645 0.092674 0.995194 0.000000 0.000000 0.000000 0.000000 1.000000
0.998823 -0.008395 0.047763 0.000000 0.012515 0.996161 -0.086637 9.157100 -0.046853 0.087133 0.995094 -0.000000 0.000000 0.000000 0.000000 1.000000
0.998357 -0.006110 0.056973 -0.000000 0.010586 0.996850 -0.078598 9.157100 -0.056314 0.079072 0.995277 -0.000000 0.000000 0.000000 0.000000 1.000000
0.998397 -0.004965 0.056376 0.000000 0.009055 0.997325 -0.072532 9.157100 -0.055865 0.072927 0.995771 0.000000 0.000000 0.000000 0.000000 1.000000
0.998940 -0.004338 0.045834 -0.000000 0.007629 0.997385 -0.071872 9.157100 -0.045403 0.072145 0.996360 0.000000 0.000000 0.000000 0.000000 1.000000
0.999567 -0.002188 0.029347 -0.000000 0.004424 0.997071 -0.076351 9.157100 -0.029094 0.076448 0.996649 0.000000 0.000000 0.000000 0.000000 1.000000
0.999938 0.002621 0.010843 0.000000 -0.001722 0.996626 -0.082063 9.157100 -0.011021 0.082039 0.996568 0.000000 0.000000 0.000000 0.000000 1.000000
0.999928 0.007971 -0.008929 -0.000000 -0.008704 0.996315 -0.085324 9.157100 0.008216 0.085396 0.996313 -0.000000 0.000000 0.000000 0.000000 1.000000
0.999488 0.009150 -0.030665 0.000000 -0.011742 0.996274 -0.085441 9.157100 0.029769 0.085758 0.995871 0.000000 0.000000 0.000000 0.000000 1.000000
0.998612 0.002845 -0.052588 0.000000 -0.007229 0.996493 -0.083365 9.157100 0.052166 0.083629 0.995131 0.000000 0.000000 0.000000 0.000000 1.000000
0.997540 -0.008905 -0.069530 0.000000 0.003385 0.996860 -0.079108 9.157100 0.070016 0.078678 0.994438 -0.000000 0.000000 0.000000 0.000000 1.000000
0.996901 -0.019079 -0.076323 0.000000 0.013575 0.997312 -0.072002 9.157100 0.077492 0.070743 0.994480 -0.000000 0.000000 0.000000 0.000000 1.000000
0.997206 -0.021214 -0.071620 0.000000 0.016655 0.997833 -0.063658 9.157100 0.072815 0.062288 0.995399 -0.000000 0.000000 0.000000 0.000000 1.000000
0.998186 -0.015441 -0.058187 0.000000 0.012009 0.998193 -0.058875 9.157100 0.058991 0.058069 0.996568 0.000000 0.000000 0.000000 0.000000 1.000000
0.999156 -0.008359 -0.040216 0.000000 0.005857 0.998062 -0.061944 9.157100 0.040656 0.061656 0.997269 0.000000 0.000000 0.000000 0.000000 1.000000
0.999762 -0.006048 -0.020941 0.000000 0.004519 0.997374 -0.072284 9.157100 0.021323 0.072172 0.997164 -0.000000 0.000000 0.000000 0.000000 1.000000
0.999963 -0.008304 -0.002110 0.000000 0.008097 0.996401 -0.084379 9.157100 0.002803 0.084359 0.996432 0.000000 0.000000 0.000000 0.000000 1.000000
0.999818 -0.010791 0.015758 -0.000000 0.012196 0.995684 -0.092006 9.157100 -0.014697 0.092182 0.995634 0.000000 0.000000 0.000000 0.000000 1.000000</float_array>
        <technique_common>
          <accessor source="#mixamorig_Spine1-Matrix-animation-output-transform-array" count="19" stride="16">
            <param type="float4x4"/>
          </accessor>
        </technique_common>
      </source>
      <source id="mixamorig_Spine1-Interpolations">
        <Name_array id="mixamorig_Spine1-Interpolations-array" count="19">
 LINEAR LINEAR LINEAR LINEAR LINEAR LINEAR LINEAR LINEAR LINEAR LINEAR LINEAR
LINEAR LINEAR LINEAR LINEAR LINEAR LINEAR LINEAR LINEAR</Name_array>
        <technique_common>
          <accessor source="#mixamorig_Spine1-Interpolations-array" count="19">
            <param type="name"/>
          </accessor>
        </technique_common>
      </source>
      <sampler id="mixamorig_Spine1-Matrix-animation-transform">
        <input semantic="INPUT" source="#mixamorig_Spine1-Matrix-animation-input"/>
        <input semantic="OUTPUT" source="#mixamorig_Spine1-Matrix-animation-output-transform"/>
        <input semantic="INTERPOLATION" source="#mixamorig_Spine1-Interpolations"/>
      </sampler>
      <channel source="#mixamorig_Spine1-Matrix-animation-transform" target="mixamorig_Spine1/matrix"/>
    </animation>
    <animation id="mixamorig_Spine2-anim" name="mixamorig_Spine2">
      <source id="mixamorig_Spine2-Matrix-animation-input">
        <float_array id="mixamorig_Spine2-Matrix-animation-input-array" count="19">

0.000000 0.033333 0.066667 0.100000 0.133333 0.166667 0.200000 0.233333 0.266667 0.300000 0.333333 0.366667 0.400000 0.433333 0.466667 0.500000
0.533333 0.566667 0.600000</float_array>
        <technique_common>
          <accessor source="#mixamorig_Spine2-Matrix-animation-input-array" count="19">
            <param name="TIME" type="float"/>
          </accessor>
        </technique_common>
      </source>
      <source id="mixamorig_Spine2-Matrix-animation-output-transform">
        <float_array id="mixamorig_Spine2-Matrix-animation-output-transform-array" count="304">

0.999915 0.002368 0.012841 -0.000000 0.001223 0.962105 -0.272677 9.225900 -0.013000 0.272670 0.962020 0.000000 0.000000 0.000000 0.000000 1.000000
0.999541 0.005293 0.029820 -0.000000 0.003056 0.961965 -0.273157 9.225900 -0.030132 0.273122 0.961507 0.000000 0.000000 0.000000 0.000000 1.000000
0.998935 0.010022 0.045029 0.000000 0.002404 0.963477 -0.267779 9.225900 -0.046068 0.267602 0.962428 0.000000 0.000000 0.000000 0.000000 1.000000
0.998409 0.014046 0.054609 0.000000 0.000629 0.965638 -0.259890 9.225900 -0.056383 0.259511 0.964093 0.000000 0.000000 0.000000 0.000000 1.000000
0.998401 0.015422 0.054388 0.000000 -0.001116 0.967261 -0.253780 9.225900 -0.056521 0.253313 0.965732 0.000000 0.000000 0.000000 0.000000 1.000000
0.998926 0.014514 0.043999 0.000000 -0.002918 0.967486 -0.252908 9.225900 -0.046239 0.252508 0.966489 -0.000000 0.000000 0.000000 0.000000 1.000000
0.999533 0.013874 0.027237 0.000000 -0.006408 0.966369 -0.257078 9.225900 -0.029888 0.256783 0.966007 -0.000000 0.000000 0.000000 0.000000 1.000000
0.999849 0.015393 0.008125 0.000000 -0.012721 0.964848 -0.262501 9.225900 -0.011880 0.262357 0.964898 0.000000 0.000000 0.000000 0.000000 1.000000
0.999777 0.017337 -0.012056 0.000000 -0.019918 0.963864 -0.265651 9.225900 0.007014 0.265832 0.963994 0.000000 0.000000 0.000000 0.000000 1.000000
0.999331 0.015050 -0.033335 0.000000 -0.023383 0.963721 -0.265886 9.225900 0.028124 0.266488 0.963428 0.000000 0.000000 0.000000 0.000000 1.000000
0.998542 0.005448 -0.053707 -0.000000 -0.019463 0.964315 -0.264042 9.225900 0.050352 0.264702 0.963015 0.000000 0.000000 0.000000 0.000000 1.000000
0.997607 -0.008829 -0.068570 0.000000 -0.009325 0.965567 -0.259988 9.225900 0.068505 0.260005 0.963174 0.000000 0.000000 0.000000 0.000000 1.000000
0.997066 -0.020130 -0.073852 -0.000000 0.000791 0.967462 -0.253016 9.225900 0.076542 0.252216 0.964639 0.000000 0.000000 0.000000 0.000000 1.000000
0.997376 -0.021762 -0.069043 0.000000 0.004215 0.969585 -0.244719 9.225900 0.072269 0.243786 0.967133 0.000000 0.000000 0.000000 0.000000 1.000000
0.998283 -0.014103 -0.056851 0.000000 0.000054 0.970802 -0.239881 9.225900 0.058574 0.239466 0.969136 -0.000000 0.000000 0.000000 0.000000 1.000000
0.999166 -0.004264 -0.040614 -0.000000 -0.005731 0.970051 -0.242832 9.225900 0.040434 0.242862 0.969218 -0.000000 0.000000 0.000000 0.000000 1.000000
0.999741 0.001150 -0.022725 0.000000 -0.006865 0.967432 -0.253037 9.225900 0.021694 0.253127 0.967190 0.000000 0.000000 0.000000 0.000000 1.000000
0.999987 0.001964 -0.004685 0.000000 -0.003136 0.964236 -0.265027 9.225900 0.003997 0.265038 0.964230 0.000000 0.000000 0.000000 0.000000 1.000000
0.999915 0.002368 0.012840 0.000000 0.001223 0.962105 -0.272677 9.225900 -0.013000 0.272670 0.962020 0.000000 0.000000 0.000000 0.000000 1.000000</float_array>
        <technique_common>
          <accessor source="#mixamorig_Spine2-Matrix-animation-output-transform-array" count="19" stride="16">
            <param type="float4x4"/>
          </accessor>
        </technique_common>
      </source>
      <source id="mixamorig_Spine2-Interpolations">
        <Name_array id="mixamorig_Spine2-Interpolations-array" count="19">
 LINEAR LINEAR LINEAR LINEAR LINEAR LINEAR LINEAR LINEAR LINEAR LINEAR LINEAR
LINEAR LINEAR LINEAR LINEAR LINEAR LINEAR LINEAR LINEAR</Name_array>
        <technique_common>
          <accessor source="#mixamorig_Spine2-Interpolations-array" count="19">
            <param type="name"/>
          </accessor>
        </technique_common>
      </source>
      <sampler id="mixamorig_Spine2-Matrix-animation-transform">
        <input semantic="INPUT" source="#mixamorig_Spine2-Matrix-animation-input"/>
        <input semantic="OUTPUT" source="#mixamorig_Spine2-Matrix-animation-output-transform"/>
        <input semantic="INTERPOLATION" source="#mixamorig_Spine2-Interpolations"/>
      </sampler>
      <channel source="#mixamorig_Spine2-Matrix-animation-transform" target="mixamorig_Spine2/matrix"/>
    </animation>
    <animation id="mixamorig_Neck-anim" name="mixamorig_Neck">
      <source id="mixamorig_Neck-Matrix-animation-input">
        <float_array id="mixamorig_Neck-Matrix-animation-input-array" count="19">

0.000000 0.033333 0.066667 0.100000 0.133333 0.166667 0.200000 0.233333 0.266667 0.300000 0.333333 0.366667 0.400000 0.433333 0.466667 0.500000
0.533333 0.566667 0.600000</float_array>
        <technique_common>
          <accessor source="#mixamorig_Neck-Matrix-animation-input-array" count="19">
            <param name="TIME" type="float"/>
          </accessor>
        </technique_common>
      </source>
      <source id="mixamorig_Neck-Matrix-animation-output-transform">
        <float_array id="mixamorig_Neck-Matrix-animation-output-transform-array" count="304">

0.999853 -0.017097 0.001201 0.016000 0.016603 0.983612 0.179530 10.363900 -0.004251 -0.179483 0.983752 -2.121100 0.000000 0.000000 0.000000 1.000000
0.999791 -0.017632 -0.010345 0.016000 0.019227 0.982960 0.182809 10.363900 0.006945 -0.182970 0.983094 -2.121100 0.000000 0.000000 0.000000 1.000000
0.999509 -0.019206 -0.024774 0.016000 0.023419 0.982854 0.182892 10.363900 0.020836 -0.183382 0.982821 -2.121100 0.000000 0.000000 0.000000 1.000000
0.998946 -0.024260 -0.038966 0.016000 0.031050 0.982364 0.184383 10.363900 0.033806 -0.185398 0.982082 -2.121100 0.000000 0.000000 0.000000 1.000000
0.998428 -0.030218 -0.047208 0.016000 0.038593 0.981409 0.188007 10.363900 0.040649 -0.189533 0.981033 -2.121100 0.000000 0.000000 0.000000 1.000000
0.998529 -0.030307 -0.044951 0.016000 0.038347 0.980951 0.190431 10.363900 0.038323 -0.191874 0.980671 -2.121100 0.000000 0.000000 0.000000 1.000000
0.999203 -0.021696 -0.033511 0.016000 0.027639 0.981675 0.188550 10.363900 0.028806 -0.189326 0.981492 -2.121100 0.000000 0.000000 0.000000 1.000000
0.999761 -0.010075 -0.019424 0.016000 0.013447 0.983171 0.182191 10.363900 0.017262 -0.182409 0.983071 -2.121100 0.000000 0.000000 0.000000 1.000000
0.999960 -0.003735 -0.008153 0.016000 0.005088 0.984948 0.172777 10.363900 0.007385 -0.172811 0.984927 -2.121100 0.000000 0.000000 0.000000 1.000000
0.999990 -0.004456 0.000612 0.016000 0.004299 0.986898 0.161289 10.363900 -0.001322 -0.161284 0.986907 -2.121100 0.000000 0.000000 0.000000 1.000000
0.999923 -0.006073 0.010840 0.016000 0.004387 0.988783 0.149297 10.363900 -0.011625 -0.149238 0.988733 -2.121100 0.000000 0.000000 0.000000 1.000000
0.999706 -0.002015 0.024158 0.016000 -0.001387 0.990155 0.139972 10.363900 -0.024202 -0.139964 0.989861 -2.121100 0.000000 0.000000 0.000000 1.000000
0.999300 0.006943 0.036761 0.016000 -0.011876 0.990676 0.135723 10.363900 -0.035476 -0.136064 0.990065 -2.121100 0.000000 0.000000 0.000000 1.000000
0.999010 0.013318 0.042453 0.016000 -0.018990 0.990507 0.136144 10.363900 -0.040236 -0.136815 0.989779 -2.121100 0.000000 0.000000 0.000000 1.000000
0.999192 0.011099 0.038622 0.016000 -0.016398 0.990058 0.139701 10.363900 -0.036688 -0.140222 0.989440 -2.121100 0.000000 0.000000 0.000000 1.000000
0.999585 0.001884 0.028757 0.016000 -0.006079 0.989194 0.146486 10.363900 -0.028170 -0.146600 0.988795 -2.121100 0.000000 0.000000 0.000000 1.000000
0.999797 -0.008026 0.018494 0.016000 0.005017 0.987530 0.157349 10.363900 -0.019526 -0.157224 0.987370 -2.121100 0.000000 0.000000 0.000000 1.000000
0.999846 -0.014456 0.009965 0.016000 0.012551 0.985350 0.170084 10.363900 -0.012278 -0.169932 0.985379 -2.121100 0.000000 0.000000 0.000000 1.000000
0.999853 -0.017097 0.001202 0.016000 0.016603 0.983612 0.179530 10.363900 -0.004251 -0.179483 0.983752 -2.121100 0.000000 0.000000 0.000000 1.000000</float_array>
        <technique_common>
          <accessor source="#mixamorig_Neck-Matrix-animation-output-transform-array" count="19" stride="16">
            <param type="float4x4"/>
          </accessor>
        </technique_common>
      </source>
      <source id="mixamorig_Neck-Interpolations">
        <Name_array id="mixamorig_Neck-Interpolations-array" count="19">
 LINEAR LINEAR LINEAR LINEAR LINEAR LINEAR LINEAR LINEAR LINEAR LINEAR LINEAR
LINEAR LINEAR LINEAR LINEAR LINEAR LINEAR LINEAR LINEAR</Name_array>
        <technique_common>
          <accessor source="#mixamorig_Neck-Interpolations-array" count="19">
            <param type="name"/>
          </accessor>
        </technique_common>
      </source>
      <sampler id="mixamorig_Neck-Matrix-animation-transform">
        <input semantic="INPUT" source="#mixamorig_Neck-Matrix-animation-input"/>
        <input semantic="OUTPUT" source="#mixamorig_Neck-Matrix-animation-output-transform"/>
        <input semantic="INTERPOLATION" source="#mixamorig_Neck-Interpolations"/>
      </sampler>
      <channel source="#mixamorig_Neck-Matrix-animation-transform" target="mixamorig_Neck/matrix"/>
    </animation>
    <animation id="mixamorig_Head-anim" name="mixamorig_Head">
      <source id="mixamorig_Head-Matrix-animation-input">
        <float_array id="mixamorig_Head-Matrix-animation-input-array" count="19">

0.000000 0.033333 0.066667 0.100000 0.133333 0.166667 0.200000 0.233333 0.266667 0.300000 0.333333 0.366667 0.400000 0.433333 0.466667 0.500000
0.533333 0.566667 0.600000</float_array>
        <technique_common>
          <accessor source="#mixamorig_Head-Matrix-animation-input-array" count="19">
            <param name="TIME" type="float"/>
          </accessor>
        </technique_common>
      </source>
      <source id="mixamorig_Head-Matrix-animation-output-transform">
        <float_array id="mixamorig_Head-Matrix-animation-output-transform-array" count="304">

0.984857 -0.008959 0.173139 0.000000 -0.058633 0.922608 0.381256 5.056400 -0.163155 -0.385634 0.908111 0.719600 0.000000 0.000000 0.000000 1.000000
0.997040 -0.009008 0.076355 0.000000 -0.022044 0.917923 0.396145 5.056400 -0.073657 -0.396656 0.915008 0.719600 0.000000 0.000000 0.000000 1.000000
0.999173 -0.010099 -0.039384 0.000000 0.024810 0.918853 0.393820 5.056400 0.032211 -0.394472 0.918343 0.719600 0.000000 0.000000 0.000000 1.000000
0.990041 -0.012797 -0.140199 0.000000 0.065360 0.923811 0.377229 5.056400 0.124690 -0.382636 0.915446 0.719600 0.000000 0.000000 0.000000 1.000000
0.981760 -0.019231 -0.189150 0.000000 0.087324 0.929338 0.358755 5.056400 0.168885 -0.368729 0.914066 0.719600 0.000000 0.000000 0.000000 1.000000
0.984049 -0.031100 -0.175160 0.000000 0.092312 0.930938 0.353318 5.056400 0.152075 -0.363851 0.918959 0.719600 0.000000 0.000000 0.000000 1.000000
0.991547 -0.048497 -0.120341 0.000000 0.089595 0.926794 0.364726 5.056400 0.093843 -0.372425 0.923305 0.719600 0.000000 0.000000 0.000000 1.000000
0.995992 -0.069053 -0.056848 -0.000000 0.085632 0.919734 0.383089 5.056400 0.025832 -0.386422 0.921960 0.719600 0.000000 0.000000 0.000000 1.000000
0.996229 -0.086642 0.004520 -0.000000 0.077776 0.914942 0.396020 5.056400 -0.038448 -0.394175 0.918231 0.719600 0.000000 0.000000 0.000000 1.000000
0.992401 -0.093685 0.079770 -0.000000 0.054394 0.915536 0.398541 5.056400 -0.110370 -0.391173 0.913675 0.719600 0.000000 0.000000 0.000000 1.000000
0.979175 -0.085514 0.184132 0.000000 0.007016 0.920675 0.390268 5.056400 -0.202899 -0.380848 0.902101 0.719600 0.000000 0.000000 0.000000 1.000000
0.950862 -0.063718 0.302987 0.000000 -0.055360 0.927835 0.368859 5.056400 -0.304625 -0.367508 0.878716 0.719600 0.000000 0.000000 0.000000 1.000000
0.917341 -0.036657 0.396412 -0.000000 -0.107792 0.935685 0.335968 5.056400 -0.383232 -0.350927 0.854390 0.719600 0.000000 0.000000 0.000000 1.000000
0.901439 -0.015327 0.432634 -0.000000 -0.129905 0.943740 0.304105 5.056400 -0.412955 -0.330334 0.848733 0.719600 0.000000 0.000000 0.000000 1.000000
0.911672 -0.006308 0.410871 0.000000 -0.123010 0.949840 0.287528 5.056400 -0.392075 -0.312672 0.865166 0.719600 0.000000 0.000000 0.000000 1.000000
0.934252 -0.007004 0.356546 -0.000000 -0.104665 0.950390 0.292924 5.056400 -0.340909 -0.310982 0.887170 0.719600 0.000000 0.000000 0.000000 1.000000
0.954529 -0.009565 0.297964 0.000000 -0.089878 0.943746 0.318223 5.056400 -0.284246 -0.330533 0.899973 0.719600 0.000000 0.000000 0.000000 1.000000
0.970243 -0.009797 0.241935 -0.000000 -0.078432 0.932594 0.352302 5.056400 -0.229079 -0.360794 0.904075 0.719600 0.000000 0.000000 0.000000 1.000000
0.984857 -0.008959 0.173140 -0.000000 -0.058633 0.922608 0.381256 5.056400 -0.163156 -0.385634 0.908111 0.719600 0.000000 0.000000 0.000000 1.000000</float_array>
        <technique_common>
          <accessor source="#mixamorig_Head-Matrix-animation-output-transform-array" count="19" stride="16">
            <param type="float4x4"/>
          </accessor>
        </technique_common>
      </source>
      <source id="mixamorig_Head-Interpolations">
        <Name_array id="mixamorig_Head-Interpolations-array" count="19">
 LINEAR LINEAR LINEAR LINEAR LINEAR LINEAR LINEAR LINEAR LINEAR LINEAR LINEAR
LINEAR LINEAR LINEAR LINEAR LINEAR LINEAR LINEAR LINEAR</Name_array>
        <technique_common>
          <accessor source="#mixamorig_Head-Interpolations-array" count="19">
            <param type="name"/>
          </accessor>
        </technique_common>
      </source>
      <sampler id="mixamorig_Head-Matrix-animation-transform">
        <input semantic="INPUT" source="#mixamorig_Head-Matrix-animation-input"/>
        <input semantic="OUTPUT" source="#mixamorig_Head-Matrix-animation-output-transform"/>
        <input semantic="INTERPOLATION" source="#mixamorig_Head-Interpolations"/>
      </sampler>
      <channel source="#mixamorig_Head-Matrix-animation-transform" target="mixamorig_Head/matrix"/>
    </animation>
    <animation id="mixamorig_LeftShoulder-anim" name="mixamorig_LeftShoulder">
      <source id="mixamorig_LeftShoulder-Matrix-animation-input">
        <float_array id="mixamorig_LeftShoulder-Matrix-animation-input-array" count="19">

0.000000 0.033333 0.066667 0.100000 0.133333 0.166667 0.200000 0.233333 0.266667 0.300000 0.333333 0.366667 0.400000 0.433333 0.466667 0.500000
0.533333 0.566667 0.600000</float_array>
        <technique_common>
          <accessor source="#mixamorig_LeftShoulder-Matrix-animation-input-array" count="19">
            <param name="TIME" type="float"/>
          </accessor>
        </technique_common>
      </source>
      <source id="mixamorig_LeftShoulder-Matrix-animation-output-transform">
        <float_array id="mixamorig_LeftShoulder-Matrix-animation-output-transform-array" count="304">

-0.040329 0.909135 -0.414545 3.600000 0.009195 -0.414528 -0.909990 8.436500 -0.999144 -0.040511 0.008358 -2.035900 0.000000 0.000000 0.000000 1.000000
-0.031133 0.928037 -0.371184 3.600000 0.006422 -0.371170 -0.928543 8.436500 -0.999495 -0.031292 0.005595 -2.035900 0.000000 0.000000 0.000000 1.000000
-0.001574 0.945970 -0.324251 3.600000 0.006141 -0.324236 -0.945956 8.436500 -0.999980 -0.003481 -0.005299 -2.035900 0.000000 0.000000 0.000000 1.000000
0.027622 0.956304 -0.291066 3.600000 0.008627 -0.291394 -0.956564 8.436500 -0.999581 0.023911 -0.016299 -2.035900 0.000000 0.000000 0.000000 1.000000
0.032895 0.954441 -0.296582 3.600000 0.009162 -0.297019 -0.954828 8.436500 -0.999417 0.028691 -0.018515 -2.035900 0.000000 0.000000 0.000000 1.000000
0.007929 0.937576 -0.347689 3.600000 0.007263 -0.347745 -0.937561 8.436500 -0.999942 0.004908 -0.009567 -2.035900 0.000000 0.000000 0.000000 1.000000
-0.024175 0.907729 -0.418860 3.600000 0.008994 -0.418768 -0.908049 8.436500 -0.999667 -0.025719 0.001960 -2.035900 0.000000 0.000000 0.000000 1.000000
-0.028965 0.882197 -0.469988 3.600000 0.012305 -0.469835 -0.882668 8.436500 -0.999505 -0.031350 0.002754 -2.035900 0.000000 0.000000 0.000000 1.000000
0.004154 0.879527 -0.475831 3.600000 0.011032 -0.475846 -0.879459 8.436500 -0.999931 -0.001596 -0.011679 -2.035900 0.000000 0.000000 0.000000 1.000000
0.050779 0.896687 -0.439744 3.600000 0.009463 -0.440724 -0.897593 8.436500 -0.998665 0.041417 -0.030865 -2.035900 0.000000 0.000000 0.000000 1.000000
0.073194 0.917995 -0.389778 3.600000 0.011330 -0.391567 -0.920080 8.436500 -0.997253 0.062928 -0.039061 -2.035900 0.000000 0.000000 0.000000 1.000000
0.055612 0.931577 -0.359265 3.600000 0.011485 -0.360395 -0.932729 8.436500 -0.998386 0.047745 -0.030741 -2.035900 0.000000 0.000000 0.000000 1.000000
0.018429 0.930432 -0.366000 3.600000 0.009186 -0.366204 -0.930489 8.436500 -0.999788 0.013786 -0.015295 -2.035900 0.000000 0.000000 0.000000 1.000000
-0.004284 0.914290 -0.405037 3.600000 0.009288 -0.404987 -0.914275 8.436500 -0.999948 -0.007679 -0.006757 -2.035900 0.000000 0.000000 0.000000 1.000000
-0.000831 0.892160 -0.451719 3.600000 0.010749 -0.451685 -0.892113 8.436500 -0.999942 -0.005597 -0.009215 -2.035900 0.000000 0.000000 0.000000 1.000000
0.008195 0.878025 -0.478545 3.600000 0.010919 -0.478611 -0.877959 8.436500 -0.999907 0.001970 -0.013510 -2.035900 0.000000 0.000000 0.000000 1.000000
-0.000714 0.879689 -0.475549 3.600000 0.011273 -0.475512 -0.879637 8.436500 -0.999936 -0.005989 -0.009577 -2.035900 0.000000 0.000000 0.000000 1.000000
-0.024546 0.892409 -0.450559 3.600000 0.011259 -0.450420 -0.892746 8.436500 -0.999635 -0.026986 0.001008 -2.035900 0.000000 0.000000 0.000000 1.000000
-0.040329 0.909136 -0.414542 3.600000 0.009195 -0.414524 -0.909992 8.436500 -0.999144 -0.040511 0.008358 -2.035900 0.000000 0.000000 0.000000 1.000000</float_array>
        <technique_common>
          <accessor source="#mixamorig_LeftShoulder-Matrix-animation-output-transform-array" count="19" stride="16">
            <param type="float4x4"/>
          </accessor>
        </technique_common>
      </source>
      <source id="mixamorig_LeftShoulder-Interpolations">
        <Name_array id="mixamorig_LeftShoulder-Interpolations-array" count="19">
 LINEAR LINEAR LINEAR LINEAR LINEAR LINEAR LINEAR LINEAR LINEAR LINEAR LINEAR
LINEAR LINEAR LINEAR LINEAR LINEAR LINEAR LINEAR LINEAR</Name_array>
        <technique_common>
          <accessor source="#mixamorig_LeftShoulder-Interpolations-array" count="19">
            <param type="name"/>
          </accessor>
        </technique_common>
      </source>
      <sampler id="mixamorig_LeftShoulder-Matrix-animation-transform">
        <input semantic="INPUT" source="#mixamorig_LeftShoulder-Matrix-animation-input"/>
        <input semantic="OUTPUT" source="#mixamorig_LeftShoulder-Matrix-animation-output-transform"/>
        <input semantic="INTERPOLATION" source="#mixamorig_LeftShoulder-Interpolations"/>
      </sampler>
      <channel source="#mixamorig_LeftShoulder-Matrix-animation-transform" target="mixamorig_LeftShoulder/matrix"/>
    </animation>
    <animation id="mixamorig_LeftArm-anim" name="mixamorig_LeftArm">
      <source id="mixamorig_LeftArm-Matrix-animation-input">
        <float_array id="mixamorig_LeftArm-Matrix-animation-input-array" count="19">

0.000000 0.033333 0.066667 0.100000 0.133333 0.166667 0.200000 0.233333 0.266667 0.300000 0.333333 0.366667 0.400000 0.433333 0.466667 0.500000
0.533333 0.566667 0.600000</float_array>
        <technique_common>
          <accessor source="#mixamorig_LeftArm-Matrix-animation-input-array" count="19">
            <param name="TIME" type="float"/>
          </accessor>
        </technique_common>
      </source>
      <source id="mixamorig_LeftArm-Matrix-animation-output-transform">
        <float_array id="mixamorig_LeftArm-Matrix-animation-output-transform-array" count="304">

0.809447 0.371425 0.454795 -0.000000 0.041857 0.736057 -0.675624 7.865800 -0.585699 0.565918 0.580253 -0.000000 0.000000 0.000000 0.000000 1.000000
0.693335 0.534970 0.482798 0.000000 -0.049977 0.704065 -0.708375 7.865800 -0.718881 0.467012 0.514889 0.000000 0.000000 0.000000 0.000000 1.000000
0.560411 0.675732 0.478880 0.000000 -0.182941 0.664922 -0.724162 7.865800 -0.807758 0.318222 0.496249 -0.000000 0.000000 0.000000 0.000000 1.000000
0.478243 0.760010 0.440079 0.000000 -0.324188 0.618482 -0.715809 7.865800 -0.816202 0.199662 0.542170 0.000000 0.000000 0.000000 0.000000 1.000000
0.525313 0.772059 0.357730 0.000000 -0.428781 0.603312 -0.672430 7.865800 -0.734978 0.199848 0.647972 -0.000000 0.000000 0.000000 0.000000 1.000000
0.700323 0.682136 0.210329 -0.000000 -0.457639 0.655179 -0.601088 7.865800 -0.547827 0.324702 0.771009 0.000000 0.000000 0.000000 0.000000 1.000000
0.891605 0.452492 0.017086 0.000000 -0.367290 0.744757 -0.557167 7.865800 -0.264838 0.490497 0.830225 -0.000000 0.000000 0.000000 0.000000 1.000000
0.982485 0.139371 -0.123690 0.000000 -0.185832 0.781919 -0.595037 7.865800 0.013785 0.607600 0.794123 -0.000000 0.000000 0.000000 0.000000 1.000000
0.971893 -0.160320 -0.172402 -0.000000 0.008218 0.754958 -0.655722 7.865800 0.235281 0.635875 0.735055 0.000000 0.000000 0.000000 0.000000 1.000000
0.872361 -0.440407 -0.212198 0.000000 0.186050 0.700495 -0.688980 7.865800 0.452075 0.561559 0.693022 0.000000 0.000000 0.000000 0.000000 1.000000
0.703525 -0.653360 -0.279595 0.000000 0.322343 0.643995 -0.693805 7.865800 0.633362 0.397983 0.663672 -0.000000 0.000000 0.000000 0.000000 1.000000
0.591753 -0.729889 -0.342184 -0.000000 0.421845 0.642105 -0.640115 7.865800 0.686931 0.234442 0.687868 0.000000 0.000000 0.000000 0.000000 1.000000
0.643417 -0.690826 -0.329810 0.000000 0.473852 0.697788 -0.537174 7.865800 0.601231 0.189346 0.776318 0.000000 0.000000 0.000000 0.000000 1.000000
0.796348 -0.575318 -0.186652 -0.000000 0.445794 0.766861 -0.461728 7.865800 0.408777 0.284488 0.867161 0.000000 0.000000 0.000000 0.000000 1.000000
0.917271 -0.397608 0.022845 0.000000 0.362017 0.808507 -0.463961 7.865800 0.166004 0.433848 0.885561 -0.000000 0.000000 0.000000 0.000000 1.000000
0.963893 -0.191765 0.184763 0.000000 0.261163 0.816278 -0.515252 7.865800 -0.052011 0.544901 0.836886 -0.000000 0.000000 0.000000 0.000000 1.000000
0.959516 0.010516 0.281458 -0.000000 0.159427 0.803529 -0.573520 7.865800 -0.232191 0.595173 0.769322 0.000000 0.000000 0.000000 0.000000 1.000000
0.911370 0.199246 0.360146 0.000000 0.079529 0.773279 -0.629058 7.865800 -0.403831 0.601947 0.688898 -0.000000 0.000000 0.000000 0.000000 1.000000
0.819901 0.371425 0.435667 -0.000000 0.025985 0.736056 -0.676421 7.865800 -0.571915 0.565919 0.593842 0.000000 0.000000 0.000000 0.000000 1.000000</float_array>
        <technique_common>
          <accessor source="#mixamorig_LeftArm-Matrix-animation-output-transform-array" count="19" stride="16">
            <param type="float4x4"/>
          </accessor>
        </technique_common>
      </source>
      <source id="mixamorig_LeftArm-Interpolations">
        <Name_array id="mixamorig_LeftArm-Interpolations-array" count="19">
 LINEAR LINEAR LINEAR LINEAR LINEAR LINEAR LINEAR LINEAR LINEAR LINEAR LINEAR
LINEAR LINEAR LINEAR LINEAR LINEAR LINEAR LINEAR LINEAR</Name_array>
        <technique_common>
          <accessor source="#mixamorig_LeftArm-Interpolations-array" count="19">
            <param type="name"/>
          </accessor>
        </technique_common>
      </source>
      <sampler id="mixamorig_LeftArm-Matrix-animation-transform">
        <input semantic="INPUT" source="#mixamorig_LeftArm-Matrix-animation-input"/>
        <input semantic="OUTPUT" source="#mixamorig_LeftArm-Matrix-animation-output-transform"/>
        <input semantic="INTERPOLATION" source="#mixamorig_LeftArm-Interpolations"/>
      </sampler>
      <channel source="#mixamorig_LeftArm-Matrix-animation-transform" target="mixamorig_LeftArm/matrix"/>
    </animation>
    <animation id="mixamorig_LeftForeArm-anim" name="mixamorig_LeftForeArm">
      <source id="mixamorig_LeftForeArm-Matrix-animation-input">
        <float_array id="mixamorig_LeftForeArm-Matrix-animation-input-array" count="19">

0.000000 0.033333 0.066667 0.100000 0.133333 0.166667 0.200000 0.233333 0.266667 0.300000 0.333333 0.366667 0.400000 0.433333 0.466667 0.500000
0.533333 0.566667 0.600000</float_array>
        <technique_common>
          <accessor source="#mixamorig_LeftForeArm-Matrix-animation-input-array" count="19">
            <param name="TIME" type="float"/>
          </accessor>
        </technique_common>
      </source>
      <source id="mixamorig_LeftForeArm-Matrix-animation-output-transform">
        <float_array id="mixamorig_LeftForeArm-Matrix-animation-output-transform-array" count="304">

0.481429 -0.876485 -0.000573 -0.000000 0.876485 0.481429 0.000204 18.982000 0.000097 -0.000600 1.000000 0.000000 0.000000 0.000000 0.000000 1.000000
